site:
  name: Mon Gold
  latitude: 62.900569
  longitude: -114.328331
  elevation_m: 245
